0 0.195164 0.301111 0.030609 0.046472
0 0.835406 0.738285 0.035828 0.055653
0 0.372156 0.758403 0.032063 0.049361
0 0.177793 0.463688 0.034383 0.052792
0 0.354191 0.317049 0.030555 0.052542
0 0.835629 0.738604 0.036195 0.054597
0 0.311051 0.421243 0.032055 0.048931
0 0.813270 0.545521 0.035914 0.054208
0 0.142594 0.376819 0.032891 0.046389
0 0.372824 0.582035 0.032711 0.053292
0 0.257684 0.379174 0.032664 0.052014
0 0.596594 0.379507 0.030797 0.050347
0 0.177598 0.692715 0.034289 0.051986
0 0.288559 0.524785 0.032602 0.049514
